-263.54800200924535   91.56300406500243   367.317990457042   180.0   -0.0   44.99999889302411
-207.64400385767613   155.59500637764302   385.74997996271543   -179.99999930386622   14.999997388807817   45.00000032297535
-135.03599592242495   194.79500240487107   385.7499624727378   179.99999121058457   29.999993580025443   44.999994662995356
-77.72399493615981   325.99498978505324   284.1499995706857   -179.99999893091103   45.00000023192524   45.000002081496156
-356.1240041156711   -8.404998568621128   356.9500056098592   -179.99999968023735   -14.999995409266583   45.00000001010078
-413.723999355894   -65.717006419247   356.94999161336136   179.9999965643005   -30.000001321255972   45.0000033883387
-281.98001324484034   21.963015038524535   409.71785196247487   -175.4341946974644   -9.164407448874671   44.35278996168433
-118.84402739600833   169.70699667471393   385.75021384194696   -172.02295749921214   22.245935302823312   47.55619046324379
-196.6359771699837   246.18700111357492   353.74960790900263   172.05471036014666   23.696744751538844   41.329815223371305
-193.42814127920434   334.84157855566593   321.7379775802958   164.48017407508218   30.27697034752673   39.30092978230335
-356.1239249876028   -8.40495529790326   411.0459447418674   -178.11481985999652   -14.883798890869135   37.697737451560556
-238.66806872360513   -2.549041220889052   418.7740749602434   -167.1951133493279   -7.5090883504877874   54.29628368576836
-242.71601588587546   91.56301693733322   428.85385221235794   -178.97235029768615   4.168713292220824   57.415395649757194
-242.71601588587524   91.5630169373329   502.19785221236066   178.86496016762413   4.140808934861005   28.210557947363906
-200.25197830138094   282.82700070843066   385.74960880709045   174.3990329657651   20.672491985023118   42.84633013652083
-170.49686598555607   258.6350918117228   408.23600297922394   164.16933512243926   20.871861773369936   19.995803952062378
-45.69686598556063   258.6350918117227   408.2360029792238   170.29339645642693   34.84477323728501   22.887771694850983
-225.82006549764665   -46.51699953042941   419.92607888324017   -163.7954186567307   -7.669984898189227   52.95509490338893
-237.98006549764563   26.443000469571142   417.2380788832405   -163.7954186567307   -7.669984898188976   52.955094903388954